u:Sim/HalfValue = 5.000000e-01
u:Sim/SIGMA2FWHM = 2.354818e+00
u:Sim/FWHM2SIGMA = 4.246610e-01

d:Sim/ElectronProductionCut = 0.500000 mm
s:Sim/WorldMaterial = "G4_AIR"

includeFile = matRad_cube.txt

s:Ge/World/Material = Sim/WorldMaterial
d:Ge/World/HLX=200.0 cm
d:Ge/World/HLY=200.0 cm
d:Ge/World/HLZ=200.0 cm
b:Ge/World/Invisible = "TRUE"

s:Ge/BeamSpot/Parent = "Nozzle"
s:Ge/BeamSpot/Type = "Group"
d:Ge/BeamSpot/TransX = Tf/Beam/PosX/Value mm
d:Ge/BeamSpot/TransY = Tf/Beam/PosY/Value mm

s:Ge/Nozzle/Parent = "Isocenter"
s:Ge/Nozzle/Type = "Group"

s:Ge/Isocenter/Parent = "Gantry"
s:Ge/Isocenter/Type = "Group"
d:Ge/Isocenter/RotX = +90. deg
d:Ge/Isocenter/RotY = 0. deg
d:Ge/Isocenter/RotZ = +90. deg

s:Ge/Gantry/Parent = "Couch"
s:Ge/Gantry/Type = "Group"
d:Ge/Gantry/RotX = 0. deg
d:Ge/Gantry/RotY = 0. deg
d:Ge/Gantry/RotZ = -1 * Sim/GantryAngle deg

s:Ge/Couch/Parent = "World"
s:Ge/Couch/Type = "Group"
d:Ge/Couch/TransX = 0. cm
d:Ge/Couch/TransY = 0. cm
d:Ge/Couch/TransZ = 0. cm
d:Ge/Couch/RotX = 0. deg
d:Ge/Couch/RotY = -1 * Sim/CouchAngle deg
d:Ge/Couch/RotZ = 0. deg

s:Sim/ParticleName = "proton"
u:Sim/ParticleMass = 1.0
d:Sim/GantryAngle = 90.000000 deg
d:Sim/CouchAngle = 0.000000 deg
d:Tf/TimelineStart = 0. ms
d:Tf/TimelineEnd = 3060 ms
i:Tf/NumberOfSequentialTimes = 306
dv:Tf/Beam/Spot/Times = 306 10    20    30    40    50    60    70    80    90   100   110   120   130   140   150   160   170   180   190   200   210   220   230   240   250   260   270   280   290   300   310   320   330   340   350   360   370   380   390   400   410   420   430   440   450   460   470   480   490   500   510   520   530   540   550   560   570   580   590   600   610   620   630   640   650   660   670   680   690   700   710   720   730   740   750   760   770   780   790   800   810   820   830   840   850   860   870   880   890   900   910   920   930   940   950   960   970   980   990  1000  1010  1020  1030  1040  1050  1060  1070  1080  1090  1100  1110  1120  1130  1140  1150  1160  1170  1180  1190  1200  1210  1220  1230  1240  1250  1260  1270  1280  1290  1300  1310  1320  1330  1340  1350  1360  1370  1380  1390  1400  1410  1420  1430  1440  1450  1460  1470  1480  1490  1500  1510  1520  1530  1540  1550  1560  1570  1580  1590  1600  1610  1620  1630  1640  1650  1660  1670  1680  1690  1700  1710  1720  1730  1740  1750  1760  1770  1780  1790  1800  1810  1820  1830  1840  1850  1860  1870  1880  1890  1900  1910  1920  1930  1940  1950  1960  1970  1980  1990  2000  2010  2020  2030  2040  2050  2060  2070  2080  2090  2100  2110  2120  2130  2140  2150  2160  2170  2180  2190  2200  2210  2220  2230  2240  2250  2260  2270  2280  2290  2300  2310  2320  2330  2340  2350  2360  2370  2380  2390  2400  2410  2420  2430  2440  2450  2460  2470  2480  2490  2500  2510  2520  2530  2540  2550  2560  2570  2580  2590  2600  2610  2620  2630  2640  2650  2660  2670  2680  2690  2700  2710  2720  2730  2740  2750  2760  2770  2780  2790  2800  2810  2820  2830  2840  2850  2860  2870  2880  2890  2900  2910  2920  2930  2940  2950  2960  2970  2980  2990  3000  3010  3020  3030  3040  3050  3060 ms
s:Tf/Beam/Energy/Function = "Step"
dv:Tf/Beam/Energy/Times = Tf/Beam/Spot/Times ms
dv:Tf/Beam/Energy/Values = 306 114.4541      114.4541      114.4541      114.4541      114.4541      114.4541      114.4541      114.4541      114.4541      114.4541      114.4541      114.4541      120.3374      120.3374      120.3374      120.3374      120.3374      120.3374      120.3374      120.3374      120.3374      120.3374      120.3374      120.3374      120.3374      120.3374      120.3374      120.3374      120.3374      120.3374      120.3374      120.3374      120.3374      120.3374      120.3374      120.3374      120.3374      120.3374      120.3374      120.3374      120.3374      120.3374      120.3374      120.3374      120.3374      120.3374      120.3374      120.3374      120.3374      120.3374      120.3374      120.3374      120.3374      120.3374      120.3374      120.3374      120.3374      120.3374      120.3374      120.3374      120.3374      126.0099      126.0099      126.0099      126.0099      126.0099      126.0099      126.0099      126.0099      126.0099      126.0099      126.0099      126.0099      126.0099      126.0099      126.0099      126.0099      126.0099      126.0099      126.0099      126.0099      126.0099      126.0099      126.0099      126.0099      126.0099      126.0099      126.0099      126.0099      126.0099      126.0099      126.0099      126.0099      126.0099      126.0099      126.0099      126.0099      126.0099      126.0099      126.0099      126.0099      126.0099      126.0099      126.0099      126.0099      126.0099      126.0099      126.0099      126.0099      126.0099      131.5133      131.5133      131.5133      131.5133      131.5133      131.5133      131.5133      131.5133      131.5133      131.5133      131.5133      131.5133      131.5133      131.5133      131.5133      131.5133      131.5133      131.5133      131.5133      131.5133      131.5133      131.5133      131.5133      131.5133      131.5133      131.5133      131.5133      131.5133      131.5133      131.5133      131.5133      131.5133      131.5133      131.5133      131.5133      131.5133      131.5133      131.5133      131.5133      131.5133      131.5133      131.5133      131.5133      131.5133      131.5133      131.5133      131.5133      131.5133      131.5133      136.8529      136.8529      136.8529      136.8529      136.8529      136.8529      136.8529      136.8529      136.8529      136.8529      136.8529      136.8529      136.8529      136.8529      136.8529      136.8529      136.8529      136.8529      136.8529      136.8529      136.8529      136.8529      136.8529      136.8529      136.8529      136.8529      136.8529      136.8529      136.8529      136.8529      136.8529      136.8529      136.8529      136.8529      136.8529      136.8529      136.8529      136.8529      136.8529      136.8529      136.8529      136.8529      136.8529      136.8529      136.8529      136.8529      136.8529      136.8529      136.8529      142.0338      142.0338      142.0338      142.0338      142.0338      142.0338      142.0338      142.0338      142.0338      142.0338      142.0338      142.0338      142.0338      142.0338      142.0338      142.0338      142.0338      142.0338      142.0338      142.0338      142.0338      142.0338      142.0338      142.0338      142.0338      142.0338      142.0338      142.0338      142.0338      142.0338      142.0338      142.0338      142.0338      142.0338      142.0338      142.0338      142.0338      142.0338      142.0338      142.0338      142.0338      142.0338      142.0338      142.0338      142.0338      142.0338      142.0338      142.0338      142.0338      147.0982      147.0982      147.0982      147.0982      147.0982      147.0982      147.0982      147.0982      147.0982      147.0982      147.0982      147.0982      147.0982      147.0982      147.0982      147.0982      147.0982      147.0982      147.0982      147.0982      147.0982      147.0982      147.0982      147.0982      147.0982      147.0982      147.0982      147.0982      147.0982      147.0982      147.0982      147.0982      147.0982      147.0982      147.0982      147.0982      147.0982      147.0982      147.0982      147.0982      147.0982      147.0982      147.0982      147.0982      147.0982      147.0982      147.0982      147.0982      147.0982 MeV
s:Tf/Beam/EnergySpread/Function = "Step"
dv:Tf/Beam/EnergySpread/Times = Tf/Beam/Spot/Times ms
uv:Tf/Beam/EnergySpread/Values = 306 0.32488     0.32488     0.32488     0.32488     0.32488     0.32488     0.32488     0.32488     0.32488     0.32488     0.32488     0.32488     0.33293     0.33293     0.33293     0.33293     0.33293     0.33293     0.33293     0.33293     0.33293     0.33293     0.33293     0.33293     0.33293     0.33293     0.33293     0.33293     0.33293     0.33293     0.33293     0.33293     0.33293     0.33293     0.33293     0.33293     0.33293     0.33293     0.33293     0.33293     0.33293     0.33293     0.33293     0.33293     0.33293     0.33293     0.33293     0.33293     0.33293     0.33293     0.33293     0.33293     0.33293     0.33293     0.33293     0.33293     0.33293     0.33293     0.33293     0.33293     0.33293     0.34703     0.34703     0.34703     0.34703     0.34703     0.34703     0.34703     0.34703     0.34703     0.34703     0.34703     0.34703     0.34703     0.34703     0.34703     0.34703     0.34703     0.34703     0.34703     0.34703     0.34703     0.34703     0.34703     0.34703     0.34703     0.34703     0.34703     0.34703     0.34703     0.34703     0.34703     0.34703     0.34703     0.34703     0.34703     0.34703     0.34703     0.34703     0.34703     0.34703     0.34703     0.34703     0.34703     0.34703     0.34703     0.34703     0.34703     0.34703     0.34703     0.32148     0.32148     0.32148     0.32148     0.32148     0.32148     0.32148     0.32148     0.32148     0.32148     0.32148     0.32148     0.32148     0.32148     0.32148     0.32148     0.32148     0.32148     0.32148     0.32148     0.32148     0.32148     0.32148     0.32148     0.32148     0.32148     0.32148     0.32148     0.32148     0.32148     0.32148     0.32148     0.32148     0.32148     0.32148     0.32148     0.32148     0.32148     0.32148     0.32148     0.32148     0.32148     0.32148     0.32148     0.32148     0.32148     0.32148     0.32148     0.32148     0.34811     0.34811     0.34811     0.34811     0.34811     0.34811     0.34811     0.34811     0.34811     0.34811     0.34811     0.34811     0.34811     0.34811     0.34811     0.34811     0.34811     0.34811     0.34811     0.34811     0.34811     0.34811     0.34811     0.34811     0.34811     0.34811     0.34811     0.34811     0.34811     0.34811     0.34811     0.34811     0.34811     0.34811     0.34811     0.34811     0.34811     0.34811     0.34811     0.34811     0.34811     0.34811     0.34811     0.34811     0.34811     0.34811     0.34811     0.34811     0.34811     0.33175     0.33175     0.33175     0.33175     0.33175     0.33175     0.33175     0.33175     0.33175     0.33175     0.33175     0.33175     0.33175     0.33175     0.33175     0.33175     0.33175     0.33175     0.33175     0.33175     0.33175     0.33175     0.33175     0.33175     0.33175     0.33175     0.33175     0.33175     0.33175     0.33175     0.33175     0.33175     0.33175     0.33175     0.33175     0.33175     0.33175     0.33175     0.33175     0.33175     0.33175     0.33175     0.33175     0.33175     0.33175     0.33175     0.33175     0.33175     0.33175     0.34843     0.34843     0.34843     0.34843     0.34843     0.34843     0.34843     0.34843     0.34843     0.34843     0.34843     0.34843     0.34843     0.34843     0.34843     0.34843     0.34843     0.34843     0.34843     0.34843     0.34843     0.34843     0.34843     0.34843     0.34843     0.34843     0.34843     0.34843     0.34843     0.34843     0.34843     0.34843     0.34843     0.34843     0.34843     0.34843     0.34843     0.34843     0.34843     0.34843     0.34843     0.34843     0.34843     0.34843     0.34843     0.34843     0.34843     0.34843     0.34843
s:Tf/Beam/SigmaX/Function = "Step"
dv:Tf/Beam/SigmaX/Times = Tf/Beam/Spot/Times ms
dv:Tf/Beam/SigmaX/Values = 306 4.7077      4.7077      4.7077      4.7077      4.7077      4.7077      4.7077      4.7077      4.7077      4.7077      4.7077      4.7077      4.4824      4.4824      4.4824      4.4824      4.4824      4.4824      4.4824      4.4824      4.4824      4.4824      4.4824      4.4824      4.4824      4.4824      4.4824      4.4824      4.4824      4.4824      4.4824      4.4824      4.4824      4.4824      4.4824      4.4824      4.4824      4.4824      4.4824      4.4824      4.4824      4.4824      4.4824      4.4824      4.4824      4.4824      4.4824      4.4824      4.4824      4.4824      4.4824      4.4824      4.4824      4.4824      4.4824      4.4824      4.4824      4.4824      4.4824      4.4824      4.4824      4.2914      4.2914      4.2914      4.2914      4.2914      4.2914      4.2914      4.2914      4.2914      4.2914      4.2914      4.2914      4.2914      4.2914      4.2914      4.2914      4.2914      4.2914      4.2914      4.2914      4.2914      4.2914      4.2914      4.2914      4.2914      4.2914      4.2914      4.2914      4.2914      4.2914      4.2914      4.2914      4.2914      4.2914      4.2914      4.2914      4.2914      4.2914      4.2914      4.2914      4.2914      4.2914      4.2914      4.2914      4.2914      4.2914      4.2914      4.2914      4.2914      4.1318      4.1318      4.1318      4.1318      4.1318      4.1318      4.1318      4.1318      4.1318      4.1318      4.1318      4.1318      4.1318      4.1318      4.1318      4.1318      4.1318      4.1318      4.1318      4.1318      4.1318      4.1318      4.1318      4.1318      4.1318      4.1318      4.1318      4.1318      4.1318      4.1318      4.1318      4.1318      4.1318      4.1318      4.1318      4.1318      4.1318      4.1318      4.1318      4.1318      4.1318      4.1318      4.1318      4.1318      4.1318      4.1318      4.1318      4.1318      4.1318      3.9721      3.9721      3.9721      3.9721      3.9721      3.9721      3.9721      3.9721      3.9721      3.9721      3.9721      3.9721      3.9721      3.9721      3.9721      3.9721      3.9721      3.9721      3.9721      3.9721      3.9721      3.9721      3.9721      3.9721      3.9721      3.9721      3.9721      3.9721      3.9721      3.9721      3.9721      3.9721      3.9721      3.9721      3.9721      3.9721      3.9721      3.9721      3.9721      3.9721      3.9721      3.9721      3.9721      3.9721      3.9721      3.9721      3.9721      3.9721      3.9721      3.8438      3.8438      3.8438      3.8438      3.8438      3.8438      3.8438      3.8438      3.8438      3.8438      3.8438      3.8438      3.8438      3.8438      3.8438      3.8438      3.8438      3.8438      3.8438      3.8438      3.8438      3.8438      3.8438      3.8438      3.8438      3.8438      3.8438      3.8438      3.8438      3.8438      3.8438      3.8438      3.8438      3.8438      3.8438      3.8438      3.8438      3.8438      3.8438      3.8438      3.8438      3.8438      3.8438      3.8438      3.8438      3.8438      3.8438      3.8438      3.8438      3.7154      3.7154      3.7154      3.7154      3.7154      3.7154      3.7154      3.7154      3.7154      3.7154      3.7154      3.7154      3.7154      3.7154      3.7154      3.7154      3.7154      3.7154      3.7154      3.7154      3.7154      3.7154      3.7154      3.7154      3.7154      3.7154      3.7154      3.7154      3.7154      3.7154      3.7154      3.7154      3.7154      3.7154      3.7154      3.7154      3.7154      3.7154      3.7154      3.7154      3.7154      3.7154      3.7154      3.7154      3.7154      3.7154      3.7154      3.7154      3.7154 mm
s:Tf/Beam/SigmaXPrime/Function = "Step"
dv:Tf/Beam/SigmaXPrime/Times = Tf/Beam/Spot/Times ms
uv:Tf/Beam/SigmaXPrime/Values = 306 0.001381    0.001381    0.001381    0.001381    0.001381    0.001381    0.001381    0.001381    0.001381    0.001381    0.001381    0.001381   0.0013162   0.0013162   0.0013162   0.0013162   0.0013162   0.0013162   0.0013162   0.0013162   0.0013162   0.0013162   0.0013162   0.0013162   0.0013162   0.0013162   0.0013162   0.0013162   0.0013162   0.0013162   0.0013162   0.0013162   0.0013162   0.0013162   0.0013162   0.0013162   0.0013162   0.0013162   0.0013162   0.0013162   0.0013162   0.0013162   0.0013162   0.0013162   0.0013162   0.0013162   0.0013162   0.0013162   0.0013162   0.0013162   0.0013162   0.0013162   0.0013162   0.0013162   0.0013162   0.0013162   0.0013162   0.0013162   0.0013162   0.0013162   0.0013162   0.0012588   0.0012588   0.0012588   0.0012588   0.0012588   0.0012588   0.0012588   0.0012588   0.0012588   0.0012588   0.0012588   0.0012588   0.0012588   0.0012588   0.0012588   0.0012588   0.0012588   0.0012588   0.0012588   0.0012588   0.0012588   0.0012588   0.0012588   0.0012588   0.0012588   0.0012588   0.0012588   0.0012588   0.0012588   0.0012588   0.0012588   0.0012588   0.0012588   0.0012588   0.0012588   0.0012588   0.0012588   0.0012588   0.0012588   0.0012588   0.0012588   0.0012588   0.0012588   0.0012588   0.0012588   0.0012588   0.0012588   0.0012588   0.0012588   0.0012114   0.0012114   0.0012114   0.0012114   0.0012114   0.0012114   0.0012114   0.0012114   0.0012114   0.0012114   0.0012114   0.0012114   0.0012114   0.0012114   0.0012114   0.0012114   0.0012114   0.0012114   0.0012114   0.0012114   0.0012114   0.0012114   0.0012114   0.0012114   0.0012114   0.0012114   0.0012114   0.0012114   0.0012114   0.0012114   0.0012114   0.0012114   0.0012114   0.0012114   0.0012114   0.0012114   0.0012114   0.0012114   0.0012114   0.0012114   0.0012114   0.0012114   0.0012114   0.0012114   0.0012114   0.0012114   0.0012114   0.0012114   0.0012114    0.001164    0.001164    0.001164    0.001164    0.001164    0.001164    0.001164    0.001164    0.001164    0.001164    0.001164    0.001164    0.001164    0.001164    0.001164    0.001164    0.001164    0.001164    0.001164    0.001164    0.001164    0.001164    0.001164    0.001164    0.001164    0.001164    0.001164    0.001164    0.001164    0.001164    0.001164    0.001164    0.001164    0.001164    0.001164    0.001164    0.001164    0.001164    0.001164    0.001164    0.001164    0.001164    0.001164    0.001164    0.001164    0.001164    0.001164    0.001164    0.001164   0.0011266   0.0011266   0.0011266   0.0011266   0.0011266   0.0011266   0.0011266   0.0011266   0.0011266   0.0011266   0.0011266   0.0011266   0.0011266   0.0011266   0.0011266   0.0011266   0.0011266   0.0011266   0.0011266   0.0011266   0.0011266   0.0011266   0.0011266   0.0011266   0.0011266   0.0011266   0.0011266   0.0011266   0.0011266   0.0011266   0.0011266   0.0011266   0.0011266   0.0011266   0.0011266   0.0011266   0.0011266   0.0011266   0.0011266   0.0011266   0.0011266   0.0011266   0.0011266   0.0011266   0.0011266   0.0011266   0.0011266   0.0011266   0.0011266   0.0010894   0.0010894   0.0010894   0.0010894   0.0010894   0.0010894   0.0010894   0.0010894   0.0010894   0.0010894   0.0010894   0.0010894   0.0010894   0.0010894   0.0010894   0.0010894   0.0010894   0.0010894   0.0010894   0.0010894   0.0010894   0.0010894   0.0010894   0.0010894   0.0010894   0.0010894   0.0010894   0.0010894   0.0010894   0.0010894   0.0010894   0.0010894   0.0010894   0.0010894   0.0010894   0.0010894   0.0010894   0.0010894   0.0010894   0.0010894   0.0010894   0.0010894   0.0010894   0.0010894   0.0010894   0.0010894   0.0010894   0.0010894   0.0010894
s:Tf/Beam/CorrelationX/Function = "Step"
dv:Tf/Beam/CorrelationX/Times = Tf/Beam/Spot/Times ms
uv:Tf/Beam/CorrelationX/Values = 306 0.98235     0.98235     0.98235     0.98235     0.98235     0.98235     0.98235     0.98235     0.98235     0.98235     0.98235     0.98235     0.98234     0.98234     0.98234     0.98234     0.98234     0.98234     0.98234     0.98234     0.98234     0.98234     0.98234     0.98234     0.98234     0.98234     0.98234     0.98234     0.98234     0.98234     0.98234     0.98234     0.98234     0.98234     0.98234     0.98234     0.98234     0.98234     0.98234     0.98234     0.98234     0.98234     0.98234     0.98234     0.98234     0.98234     0.98234     0.98234     0.98234     0.98234     0.98234     0.98234     0.98234     0.98234     0.98234     0.98234     0.98234     0.98234     0.98234     0.98234     0.98234     0.98235     0.98235     0.98235     0.98235     0.98235     0.98235     0.98235     0.98235     0.98235     0.98235     0.98235     0.98235     0.98235     0.98235     0.98235     0.98235     0.98235     0.98235     0.98235     0.98235     0.98235     0.98235     0.98235     0.98235     0.98235     0.98235     0.98235     0.98235     0.98235     0.98235     0.98235     0.98235     0.98235     0.98235     0.98235     0.98235     0.98235     0.98235     0.98235     0.98235     0.98235     0.98235     0.98235     0.98235     0.98235     0.98235     0.98235     0.98235     0.98235     0.98236     0.98236     0.98236     0.98236     0.98236     0.98236     0.98236     0.98236     0.98236     0.98236     0.98236     0.98236     0.98236     0.98236     0.98236     0.98236     0.98236     0.98236     0.98236     0.98236     0.98236     0.98236     0.98236     0.98236     0.98236     0.98236     0.98236     0.98236     0.98236     0.98236     0.98236     0.98236     0.98236     0.98236     0.98236     0.98236     0.98236     0.98236     0.98236     0.98236     0.98236     0.98236     0.98236     0.98236     0.98236     0.98236     0.98236     0.98236     0.98236     0.98236     0.98236     0.98236     0.98236     0.98236     0.98236     0.98236     0.98236     0.98236     0.98236     0.98236     0.98236     0.98236     0.98236     0.98236     0.98236     0.98236     0.98236     0.98236     0.98236     0.98236     0.98236     0.98236     0.98236     0.98236     0.98236     0.98236     0.98236     0.98236     0.98236     0.98236     0.98236     0.98236     0.98236     0.98236     0.98236     0.98236     0.98236     0.98236     0.98236     0.98236     0.98236     0.98236     0.98236     0.98236     0.98236     0.98236     0.98236     0.98236     0.98236     0.98236     0.98236     0.98236     0.98236     0.98236     0.98236     0.98236     0.98236     0.98236     0.98236     0.98236     0.98236     0.98236     0.98236     0.98236     0.98236     0.98236     0.98236     0.98236     0.98236     0.98236     0.98236     0.98236     0.98236     0.98236     0.98236     0.98236     0.98236     0.98236     0.98236     0.98236     0.98236     0.98236     0.98236     0.98236     0.98236     0.98236     0.98236     0.98236     0.98236     0.98236     0.98236     0.98236     0.98236     0.98236     0.98236     0.98236     0.98236     0.98236     0.98236     0.98236     0.98236     0.98236     0.98236     0.98236     0.98236     0.98236     0.98236     0.98236     0.98236     0.98236     0.98236     0.98236     0.98236     0.98236     0.98236     0.98236     0.98236     0.98236     0.98236     0.98236     0.98236     0.98236     0.98236     0.98236     0.98236     0.98236     0.98236     0.98236     0.98236     0.98236     0.98236     0.98236     0.98236     0.98236     0.98236     0.98236     0.98236     0.98236     0.98236     0.98236     0.98236     0.98236     0.98236     0.98236     0.98236     0.98236
s:Tf/Beam/SigmaY/Function = "Step"
dv:Tf/Beam/SigmaY/Times = Tf/Beam/Spot/Times ms
dv:Tf/Beam/SigmaY/Values = 306 4.7077      4.7077      4.7077      4.7077      4.7077      4.7077      4.7077      4.7077      4.7077      4.7077      4.7077      4.7077      4.4824      4.4824      4.4824      4.4824      4.4824      4.4824      4.4824      4.4824      4.4824      4.4824      4.4824      4.4824      4.4824      4.4824      4.4824      4.4824      4.4824      4.4824      4.4824      4.4824      4.4824      4.4824      4.4824      4.4824      4.4824      4.4824      4.4824      4.4824      4.4824      4.4824      4.4824      4.4824      4.4824      4.4824      4.4824      4.4824      4.4824      4.4824      4.4824      4.4824      4.4824      4.4824      4.4824      4.4824      4.4824      4.4824      4.4824      4.4824      4.4824      4.2914      4.2914      4.2914      4.2914      4.2914      4.2914      4.2914      4.2914      4.2914      4.2914      4.2914      4.2914      4.2914      4.2914      4.2914      4.2914      4.2914      4.2914      4.2914      4.2914      4.2914      4.2914      4.2914      4.2914      4.2914      4.2914      4.2914      4.2914      4.2914      4.2914      4.2914      4.2914      4.2914      4.2914      4.2914      4.2914      4.2914      4.2914      4.2914      4.2914      4.2914      4.2914      4.2914      4.2914      4.2914      4.2914      4.2914      4.2914      4.2914      4.1318      4.1318      4.1318      4.1318      4.1318      4.1318      4.1318      4.1318      4.1318      4.1318      4.1318      4.1318      4.1318      4.1318      4.1318      4.1318      4.1318      4.1318      4.1318      4.1318      4.1318      4.1318      4.1318      4.1318      4.1318      4.1318      4.1318      4.1318      4.1318      4.1318      4.1318      4.1318      4.1318      4.1318      4.1318      4.1318      4.1318      4.1318      4.1318      4.1318      4.1318      4.1318      4.1318      4.1318      4.1318      4.1318      4.1318      4.1318      4.1318      3.9721      3.9721      3.9721      3.9721      3.9721      3.9721      3.9721      3.9721      3.9721      3.9721      3.9721      3.9721      3.9721      3.9721      3.9721      3.9721      3.9721      3.9721      3.9721      3.9721      3.9721      3.9721      3.9721      3.9721      3.9721      3.9721      3.9721      3.9721      3.9721      3.9721      3.9721      3.9721      3.9721      3.9721      3.9721      3.9721      3.9721      3.9721      3.9721      3.9721      3.9721      3.9721      3.9721      3.9721      3.9721      3.9721      3.9721      3.9721      3.9721      3.8438      3.8438      3.8438      3.8438      3.8438      3.8438      3.8438      3.8438      3.8438      3.8438      3.8438      3.8438      3.8438      3.8438      3.8438      3.8438      3.8438      3.8438      3.8438      3.8438      3.8438      3.8438      3.8438      3.8438      3.8438      3.8438      3.8438      3.8438      3.8438      3.8438      3.8438      3.8438      3.8438      3.8438      3.8438      3.8438      3.8438      3.8438      3.8438      3.8438      3.8438      3.8438      3.8438      3.8438      3.8438      3.8438      3.8438      3.8438      3.8438      3.7154      3.7154      3.7154      3.7154      3.7154      3.7154      3.7154      3.7154      3.7154      3.7154      3.7154      3.7154      3.7154      3.7154      3.7154      3.7154      3.7154      3.7154      3.7154      3.7154      3.7154      3.7154      3.7154      3.7154      3.7154      3.7154      3.7154      3.7154      3.7154      3.7154      3.7154      3.7154      3.7154      3.7154      3.7154      3.7154      3.7154      3.7154      3.7154      3.7154      3.7154      3.7154      3.7154      3.7154      3.7154      3.7154      3.7154      3.7154      3.7154 mm
s:Tf/Beam/SigmaYPrime/Function = "Step"
dv:Tf/Beam/SigmaYPrime/Times = Tf/Beam/Spot/Times ms
uv:Tf/Beam/SigmaYPrime/Values = 306 0.001381    0.001381    0.001381    0.001381    0.001381    0.001381    0.001381    0.001381    0.001381    0.001381    0.001381    0.001381   0.0013162   0.0013162   0.0013162   0.0013162   0.0013162   0.0013162   0.0013162   0.0013162   0.0013162   0.0013162   0.0013162   0.0013162   0.0013162   0.0013162   0.0013162   0.0013162   0.0013162   0.0013162   0.0013162   0.0013162   0.0013162   0.0013162   0.0013162   0.0013162   0.0013162   0.0013162   0.0013162   0.0013162   0.0013162   0.0013162   0.0013162   0.0013162   0.0013162   0.0013162   0.0013162   0.0013162   0.0013162   0.0013162   0.0013162   0.0013162   0.0013162   0.0013162   0.0013162   0.0013162   0.0013162   0.0013162   0.0013162   0.0013162   0.0013162   0.0012588   0.0012588   0.0012588   0.0012588   0.0012588   0.0012588   0.0012588   0.0012588   0.0012588   0.0012588   0.0012588   0.0012588   0.0012588   0.0012588   0.0012588   0.0012588   0.0012588   0.0012588   0.0012588   0.0012588   0.0012588   0.0012588   0.0012588   0.0012588   0.0012588   0.0012588   0.0012588   0.0012588   0.0012588   0.0012588   0.0012588   0.0012588   0.0012588   0.0012588   0.0012588   0.0012588   0.0012588   0.0012588   0.0012588   0.0012588   0.0012588   0.0012588   0.0012588   0.0012588   0.0012588   0.0012588   0.0012588   0.0012588   0.0012588   0.0012114   0.0012114   0.0012114   0.0012114   0.0012114   0.0012114   0.0012114   0.0012114   0.0012114   0.0012114   0.0012114   0.0012114   0.0012114   0.0012114   0.0012114   0.0012114   0.0012114   0.0012114   0.0012114   0.0012114   0.0012114   0.0012114   0.0012114   0.0012114   0.0012114   0.0012114   0.0012114   0.0012114   0.0012114   0.0012114   0.0012114   0.0012114   0.0012114   0.0012114   0.0012114   0.0012114   0.0012114   0.0012114   0.0012114   0.0012114   0.0012114   0.0012114   0.0012114   0.0012114   0.0012114   0.0012114   0.0012114   0.0012114   0.0012114    0.001164    0.001164    0.001164    0.001164    0.001164    0.001164    0.001164    0.001164    0.001164    0.001164    0.001164    0.001164    0.001164    0.001164    0.001164    0.001164    0.001164    0.001164    0.001164    0.001164    0.001164    0.001164    0.001164    0.001164    0.001164    0.001164    0.001164    0.001164    0.001164    0.001164    0.001164    0.001164    0.001164    0.001164    0.001164    0.001164    0.001164    0.001164    0.001164    0.001164    0.001164    0.001164    0.001164    0.001164    0.001164    0.001164    0.001164    0.001164    0.001164   0.0011266   0.0011266   0.0011266   0.0011266   0.0011266   0.0011266   0.0011266   0.0011266   0.0011266   0.0011266   0.0011266   0.0011266   0.0011266   0.0011266   0.0011266   0.0011266   0.0011266   0.0011266   0.0011266   0.0011266   0.0011266   0.0011266   0.0011266   0.0011266   0.0011266   0.0011266   0.0011266   0.0011266   0.0011266   0.0011266   0.0011266   0.0011266   0.0011266   0.0011266   0.0011266   0.0011266   0.0011266   0.0011266   0.0011266   0.0011266   0.0011266   0.0011266   0.0011266   0.0011266   0.0011266   0.0011266   0.0011266   0.0011266   0.0011266   0.0010894   0.0010894   0.0010894   0.0010894   0.0010894   0.0010894   0.0010894   0.0010894   0.0010894   0.0010894   0.0010894   0.0010894   0.0010894   0.0010894   0.0010894   0.0010894   0.0010894   0.0010894   0.0010894   0.0010894   0.0010894   0.0010894   0.0010894   0.0010894   0.0010894   0.0010894   0.0010894   0.0010894   0.0010894   0.0010894   0.0010894   0.0010894   0.0010894   0.0010894   0.0010894   0.0010894   0.0010894   0.0010894   0.0010894   0.0010894   0.0010894   0.0010894   0.0010894   0.0010894   0.0010894   0.0010894   0.0010894   0.0010894   0.0010894
s:Tf/Beam/CorrelationY/Function = "Step"
dv:Tf/Beam/CorrelationY/Times = Tf/Beam/Spot/Times ms
uv:Tf/Beam/CorrelationY/Values = 306 0.98235     0.98235     0.98235     0.98235     0.98235     0.98235     0.98235     0.98235     0.98235     0.98235     0.98235     0.98235     0.98234     0.98234     0.98234     0.98234     0.98234     0.98234     0.98234     0.98234     0.98234     0.98234     0.98234     0.98234     0.98234     0.98234     0.98234     0.98234     0.98234     0.98234     0.98234     0.98234     0.98234     0.98234     0.98234     0.98234     0.98234     0.98234     0.98234     0.98234     0.98234     0.98234     0.98234     0.98234     0.98234     0.98234     0.98234     0.98234     0.98234     0.98234     0.98234     0.98234     0.98234     0.98234     0.98234     0.98234     0.98234     0.98234     0.98234     0.98234     0.98234     0.98235     0.98235     0.98235     0.98235     0.98235     0.98235     0.98235     0.98235     0.98235     0.98235     0.98235     0.98235     0.98235     0.98235     0.98235     0.98235     0.98235     0.98235     0.98235     0.98235     0.98235     0.98235     0.98235     0.98235     0.98235     0.98235     0.98235     0.98235     0.98235     0.98235     0.98235     0.98235     0.98235     0.98235     0.98235     0.98235     0.98235     0.98235     0.98235     0.98235     0.98235     0.98235     0.98235     0.98235     0.98235     0.98235     0.98235     0.98235     0.98235     0.98236     0.98236     0.98236     0.98236     0.98236     0.98236     0.98236     0.98236     0.98236     0.98236     0.98236     0.98236     0.98236     0.98236     0.98236     0.98236     0.98236     0.98236     0.98236     0.98236     0.98236     0.98236     0.98236     0.98236     0.98236     0.98236     0.98236     0.98236     0.98236     0.98236     0.98236     0.98236     0.98236     0.98236     0.98236     0.98236     0.98236     0.98236     0.98236     0.98236     0.98236     0.98236     0.98236     0.98236     0.98236     0.98236     0.98236     0.98236     0.98236     0.98236     0.98236     0.98236     0.98236     0.98236     0.98236     0.98236     0.98236     0.98236     0.98236     0.98236     0.98236     0.98236     0.98236     0.98236     0.98236     0.98236     0.98236     0.98236     0.98236     0.98236     0.98236     0.98236     0.98236     0.98236     0.98236     0.98236     0.98236     0.98236     0.98236     0.98236     0.98236     0.98236     0.98236     0.98236     0.98236     0.98236     0.98236     0.98236     0.98236     0.98236     0.98236     0.98236     0.98236     0.98236     0.98236     0.98236     0.98236     0.98236     0.98236     0.98236     0.98236     0.98236     0.98236     0.98236     0.98236     0.98236     0.98236     0.98236     0.98236     0.98236     0.98236     0.98236     0.98236     0.98236     0.98236     0.98236     0.98236     0.98236     0.98236     0.98236     0.98236     0.98236     0.98236     0.98236     0.98236     0.98236     0.98236     0.98236     0.98236     0.98236     0.98236     0.98236     0.98236     0.98236     0.98236     0.98236     0.98236     0.98236     0.98236     0.98236     0.98236     0.98236     0.98236     0.98236     0.98236     0.98236     0.98236     0.98236     0.98236     0.98236     0.98236     0.98236     0.98236     0.98236     0.98236     0.98236     0.98236     0.98236     0.98236     0.98236     0.98236     0.98236     0.98236     0.98236     0.98236     0.98236     0.98236     0.98236     0.98236     0.98236     0.98236     0.98236     0.98236     0.98236     0.98236     0.98236     0.98236     0.98236     0.98236     0.98236     0.98236     0.98236     0.98236     0.98236     0.98236     0.98236     0.98236     0.98236     0.98236     0.98236     0.98236     0.98236     0.98236     0.98236     0.98236     0.98236
s:Tf/Beam/AngleX/Function = "Step"
dv:Tf/Beam/AngleX/Times = Tf/Beam/Spot/Times ms
dv:Tf/Beam/AngleX/Values = 306 -0.0038052  -0.0038052  -0.0038052  -0.0038052  -0.0025368  -0.0025368   0.0025368   0.0025368   0.0038052   0.0038052   0.0038052   0.0038052  -0.0038052  -0.0038052  -0.0038052  -0.0038052  -0.0038052  -0.0038052  -0.0038052  -0.0025368  -0.0025368  -0.0025368  -0.0025368  -0.0025368  -0.0025368  -0.0025368  -0.0012684  -0.0012684  -0.0012684  -0.0012684  -0.0012684  -0.0012684  -0.0012684           0           0           0           0           0           0           0   0.0012684   0.0012684   0.0012684   0.0012684   0.0012684   0.0012684   0.0012684   0.0025368   0.0025368   0.0025368   0.0025368   0.0025368   0.0025368   0.0025368   0.0038052   0.0038052   0.0038052   0.0038052   0.0038052   0.0038052   0.0038052  -0.0038052  -0.0038052  -0.0038052  -0.0038052  -0.0038052  -0.0038052  -0.0038052  -0.0025368  -0.0025368  -0.0025368  -0.0025368  -0.0025368  -0.0025368  -0.0025368  -0.0012684  -0.0012684  -0.0012684  -0.0012684  -0.0012684  -0.0012684  -0.0012684           0           0           0           0           0           0           0   0.0012684   0.0012684   0.0012684   0.0012684   0.0012684   0.0012684   0.0012684   0.0025368   0.0025368   0.0025368   0.0025368   0.0025368   0.0025368   0.0025368   0.0038052   0.0038052   0.0038052   0.0038052   0.0038052   0.0038052   0.0038052  -0.0038052  -0.0038052  -0.0038052  -0.0038052  -0.0038052  -0.0038052  -0.0038052  -0.0025368  -0.0025368  -0.0025368  -0.0025368  -0.0025368  -0.0025368  -0.0025368  -0.0012684  -0.0012684  -0.0012684  -0.0012684  -0.0012684  -0.0012684  -0.0012684           0           0           0           0           0           0           0   0.0012684   0.0012684   0.0012684   0.0012684   0.0012684   0.0012684   0.0012684   0.0025368   0.0025368   0.0025368   0.0025368   0.0025368   0.0025368   0.0025368   0.0038052   0.0038052   0.0038052   0.0038052   0.0038052   0.0038052   0.0038052  -0.0038052  -0.0038052  -0.0038052  -0.0038052  -0.0038052  -0.0038052  -0.0038052  -0.0025368  -0.0025368  -0.0025368  -0.0025368  -0.0025368  -0.0025368  -0.0025368  -0.0012684  -0.0012684  -0.0012684  -0.0012684  -0.0012684  -0.0012684  -0.0012684           0           0           0           0           0           0           0   0.0012684   0.0012684   0.0012684   0.0012684   0.0012684   0.0012684   0.0012684   0.0025368   0.0025368   0.0025368   0.0025368   0.0025368   0.0025368   0.0025368   0.0038052   0.0038052   0.0038052   0.0038052   0.0038052   0.0038052   0.0038052  -0.0038052  -0.0038052  -0.0038052  -0.0038052  -0.0038052  -0.0038052  -0.0038052  -0.0025368  -0.0025368  -0.0025368  -0.0025368  -0.0025368  -0.0025368  -0.0025368  -0.0012684  -0.0012684  -0.0012684  -0.0012684  -0.0012684  -0.0012684  -0.0012684           0           0           0           0           0           0           0   0.0012684   0.0012684   0.0012684   0.0012684   0.0012684   0.0012684   0.0012684   0.0025368   0.0025368   0.0025368   0.0025368   0.0025368   0.0025368   0.0025368   0.0038052   0.0038052   0.0038052   0.0038052   0.0038052   0.0038052   0.0038052  -0.0038052  -0.0038052  -0.0038052  -0.0038052  -0.0038052  -0.0038052  -0.0038052  -0.0025368  -0.0025368  -0.0025368  -0.0025368  -0.0025368  -0.0025368  -0.0025368  -0.0012684  -0.0012684  -0.0012684  -0.0012684  -0.0012684  -0.0012684  -0.0012684           0           0           0           0           0           0           0   0.0012684   0.0012684   0.0012684   0.0012684   0.0012684   0.0012684   0.0012684   0.0025368   0.0025368   0.0025368   0.0025368   0.0025368   0.0025368   0.0025368   0.0038052   0.0038052   0.0038052   0.0038052   0.0038052   0.0038052   0.0038052 rad
s:Tf/Beam/AngleY/Function = "Step"
dv:Tf/Beam/AngleY/Times = Tf/Beam/Spot/Times ms
dv:Tf/Beam/AngleY/Values = 306 0.0038051   0.0025368  -0.0025368  -0.0038051   0.0038051  -0.0038051   0.0038051  -0.0038051   0.0038051   0.0025368  -0.0025368  -0.0038051   0.0038051   0.0025368   0.0012684           0  -0.0012684  -0.0025368  -0.0038051   0.0038051   0.0025368   0.0012684           0  -0.0012684  -0.0025368  -0.0038051   0.0038052   0.0025368   0.0012684           0  -0.0012684  -0.0025368  -0.0038052   0.0038052   0.0025368   0.0012684           0  -0.0012684  -0.0025368  -0.0038052   0.0038052   0.0025368   0.0012684           0  -0.0012684  -0.0025368  -0.0038052   0.0038051   0.0025368   0.0012684           0  -0.0012684  -0.0025368  -0.0038051   0.0038051   0.0025368   0.0012684           0  -0.0012684  -0.0025368  -0.0038051   0.0038051   0.0025368   0.0012684           0  -0.0012684  -0.0025368  -0.0038051   0.0038051   0.0025368   0.0012684           0  -0.0012684  -0.0025368  -0.0038051   0.0038052   0.0025368   0.0012684           0  -0.0012684  -0.0025368  -0.0038052   0.0038052   0.0025368   0.0012684           0  -0.0012684  -0.0025368  -0.0038052   0.0038052   0.0025368   0.0012684           0  -0.0012684  -0.0025368  -0.0038052   0.0038051   0.0025368   0.0012684           0  -0.0012684  -0.0025368  -0.0038051   0.0038051   0.0025368   0.0012684           0  -0.0012684  -0.0025368  -0.0038051   0.0038051   0.0025368   0.0012684           0  -0.0012684  -0.0025368  -0.0038051   0.0038051   0.0025368   0.0012684           0  -0.0012684  -0.0025368  -0.0038051   0.0038052   0.0025368   0.0012684           0  -0.0012684  -0.0025368  -0.0038052   0.0038052   0.0025368   0.0012684           0  -0.0012684  -0.0025368  -0.0038052   0.0038052   0.0025368   0.0012684           0  -0.0012684  -0.0025368  -0.0038052   0.0038051   0.0025368   0.0012684           0  -0.0012684  -0.0025368  -0.0038051   0.0038051   0.0025368   0.0012684           0  -0.0012684  -0.0025368  -0.0038051   0.0038051   0.0025368   0.0012684           0  -0.0012684  -0.0025368  -0.0038051   0.0038051   0.0025368   0.0012684           0  -0.0012684  -0.0025368  -0.0038051   0.0038052   0.0025368   0.0012684           0  -0.0012684  -0.0025368  -0.0038052   0.0038052   0.0025368   0.0012684           0  -0.0012684  -0.0025368  -0.0038052   0.0038052   0.0025368   0.0012684           0  -0.0012684  -0.0025368  -0.0038052   0.0038051   0.0025368   0.0012684           0  -0.0012684  -0.0025368  -0.0038051   0.0038051   0.0025368   0.0012684           0  -0.0012684  -0.0025368  -0.0038051   0.0038051   0.0025368   0.0012684           0  -0.0012684  -0.0025368  -0.0038051   0.0038051   0.0025368   0.0012684           0  -0.0012684  -0.0025368  -0.0038051   0.0038052   0.0025368   0.0012684           0  -0.0012684  -0.0025368  -0.0038052   0.0038052   0.0025368   0.0012684           0  -0.0012684  -0.0025368  -0.0038052   0.0038052   0.0025368   0.0012684           0  -0.0012684  -0.0025368  -0.0038052   0.0038051   0.0025368   0.0012684           0  -0.0012684  -0.0025368  -0.0038051   0.0038051   0.0025368   0.0012684           0  -0.0012684  -0.0025368  -0.0038051   0.0038051   0.0025368   0.0012684           0  -0.0012684  -0.0025368  -0.0038051   0.0038051   0.0025368   0.0012684           0  -0.0012684  -0.0025368  -0.0038051   0.0038052   0.0025368   0.0012684           0  -0.0012684  -0.0025368  -0.0038052   0.0038052   0.0025368   0.0012684           0  -0.0012684  -0.0025368  -0.0038052   0.0038052   0.0025368   0.0012684           0  -0.0012684  -0.0025368  -0.0038052   0.0038051   0.0025368   0.0012684           0  -0.0012684  -0.0025368  -0.0038051   0.0038051   0.0025368   0.0012684           0  -0.0012684  -0.0025368  -0.0038051 rad
s:Tf/Beam/PosX/Function = "Step"
dv:Tf/Beam/PosX/Times = Tf/Beam/Spot/Times ms
dv:Tf/Beam/PosX/Values = 306 -25.7154     -17.1436      17.1436      25.7154     -25.7154      25.7154     -25.7154      25.7154     -25.7154     -17.1436      17.1436      25.7154     -25.7154     -17.1436     -8.57179            0      8.57179      17.1436      25.7154     -25.7154     -17.1436     -8.57179            0      8.57179      17.1436      25.7154     -25.7154     -17.1436     -8.57179            0      8.57179      17.1436      25.7154     -25.7154     -17.1436     -8.57179            0      8.57179      17.1436      25.7154     -25.7154     -17.1436     -8.57179            0      8.57179      17.1436      25.7154     -25.7154     -17.1436     -8.57179            0      8.57179      17.1436      25.7154     -25.7154     -17.1436     -8.57179            0      8.57179      17.1436      25.7154     -25.7154     -17.1436     -8.57179            0      8.57179      17.1436      25.7154     -25.7154     -17.1436     -8.57179            0      8.57179      17.1436      25.7154     -25.7154     -17.1436     -8.57179            0      8.57179      17.1436      25.7154     -25.7154     -17.1436     -8.57179            0      8.57179      17.1436      25.7154     -25.7154     -17.1436     -8.57179            0      8.57179      17.1436      25.7154     -25.7154     -17.1436     -8.57179            0      8.57179      17.1436      25.7154     -25.7154     -17.1436     -8.57179            0      8.57179      17.1436      25.7154     -25.7154     -17.1436     -8.57179            0      8.57179      17.1436      25.7154     -25.7154     -17.1436     -8.57179            0      8.57179      17.1436      25.7154     -25.7154     -17.1436     -8.57179            0      8.57179      17.1436      25.7154     -25.7154     -17.1436     -8.57179            0      8.57179      17.1436      25.7154     -25.7154     -17.1436     -8.57179            0      8.57179      17.1436      25.7154     -25.7154     -17.1436     -8.57179            0      8.57179      17.1436      25.7154     -25.7154     -17.1436     -8.57179            0      8.57179      17.1436      25.7154     -25.7154     -17.1436     -8.57179            0      8.57179      17.1436      25.7154     -25.7154     -17.1436     -8.57179            0      8.57179      17.1436      25.7154     -25.7154     -17.1436     -8.57179            0      8.57179      17.1436      25.7154     -25.7154     -17.1436     -8.57179            0      8.57179      17.1436      25.7154     -25.7154     -17.1436     -8.57179            0      8.57179      17.1436      25.7154     -25.7154     -17.1436     -8.57179            0      8.57179      17.1436      25.7154     -25.7154     -17.1436     -8.57179            0      8.57179      17.1436      25.7154     -25.7154     -17.1436     -8.57179            0      8.57179      17.1436      25.7154     -25.7154     -17.1436     -8.57179            0      8.57179      17.1436      25.7154     -25.7154     -17.1436     -8.57179            0      8.57179      17.1436      25.7154     -25.7154     -17.1436     -8.57179            0      8.57179      17.1436      25.7154     -25.7154     -17.1436     -8.57179            0      8.57179      17.1436      25.7154     -25.7154     -17.1436     -8.57179            0      8.57179      17.1436      25.7154     -25.7154     -17.1436     -8.57179            0      8.57179      17.1436      25.7154     -25.7154     -17.1436     -8.57179            0      8.57179      17.1436      25.7154     -25.7154     -17.1436     -8.57179            0      8.57179      17.1436      25.7154     -25.7154     -17.1436     -8.57179            0      8.57179      17.1436      25.7154     -25.7154     -17.1436     -8.57179            0      8.57179      17.1436      25.7154     -25.7154     -17.1436     -8.57179            0      8.57179      17.1436      25.7154     -25.7154     -17.1436     -8.57179            0      8.57179      17.1436      25.7154     -25.7154     -17.1436     -8.57179            0      8.57179      17.1436      25.7154 mm
s:Tf/Beam/PosY/Function = "Step"
dv:Tf/Beam/PosY/Times = Tf/Beam/Spot/Times ms
dv:Tf/Beam/PosY/Values = 306 -25.7154     -25.7154     -25.7154     -25.7154     -17.1436     -17.1436      17.1436      17.1436      25.7154      25.7154      25.7154      25.7154     -25.7154     -25.7154     -25.7154     -25.7154     -25.7154     -25.7154     -25.7154     -17.1436     -17.1436     -17.1436     -17.1436     -17.1436     -17.1436     -17.1436     -8.57179     -8.57179     -8.57179     -8.57179     -8.57179     -8.57179     -8.57179            0            0            0            0            0            0            0      8.57179      8.57179      8.57179      8.57179      8.57179      8.57179      8.57179      17.1436      17.1436      17.1436      17.1436      17.1436      17.1436      17.1436      25.7154      25.7154      25.7154      25.7154      25.7154      25.7154      25.7154     -25.7154     -25.7154     -25.7154     -25.7154     -25.7154     -25.7154     -25.7154     -17.1436     -17.1436     -17.1436     -17.1436     -17.1436     -17.1436     -17.1436     -8.57179     -8.57179     -8.57179     -8.57179     -8.57179     -8.57179     -8.57179            0            0            0            0            0            0            0      8.57179      8.57179      8.57179      8.57179      8.57179      8.57179      8.57179      17.1436      17.1436      17.1436      17.1436      17.1436      17.1436      17.1436      25.7154      25.7154      25.7154      25.7154      25.7154      25.7154      25.7154     -25.7154     -25.7154     -25.7154     -25.7154     -25.7154     -25.7154     -25.7154     -17.1436     -17.1436     -17.1436     -17.1436     -17.1436     -17.1436     -17.1436     -8.57179     -8.57179     -8.57179     -8.57179     -8.57179     -8.57179     -8.57179            0            0            0            0            0            0            0      8.57179      8.57179      8.57179      8.57179      8.57179      8.57179      8.57179      17.1436      17.1436      17.1436      17.1436      17.1436      17.1436      17.1436      25.7154      25.7154      25.7154      25.7154      25.7154      25.7154      25.7154     -25.7154     -25.7154     -25.7154     -25.7154     -25.7154     -25.7154     -25.7154     -17.1436     -17.1436     -17.1436     -17.1436     -17.1436     -17.1436     -17.1436     -8.57179     -8.57179     -8.57179     -8.57179     -8.57179     -8.57179     -8.57179            0            0            0            0            0            0            0      8.57179      8.57179      8.57179      8.57179      8.57179      8.57179      8.57179      17.1436      17.1436      17.1436      17.1436      17.1436      17.1436      17.1436      25.7154      25.7154      25.7154      25.7154      25.7154      25.7154      25.7154     -25.7154     -25.7154     -25.7154     -25.7154     -25.7154     -25.7154     -25.7154     -17.1436     -17.1436     -17.1436     -17.1436     -17.1436     -17.1436     -17.1436     -8.57179     -8.57179     -8.57179     -8.57179     -8.57179     -8.57179     -8.57179            0            0            0            0            0            0            0      8.57179      8.57179      8.57179      8.57179      8.57179      8.57179      8.57179      17.1436      17.1436      17.1436      17.1436      17.1436      17.1436      17.1436      25.7154      25.7154      25.7154      25.7154      25.7154      25.7154      25.7154     -25.7154     -25.7154     -25.7154     -25.7154     -25.7154     -25.7154     -25.7154     -17.1436     -17.1436     -17.1436     -17.1436     -17.1436     -17.1436     -17.1436     -8.57179     -8.57179     -8.57179     -8.57179     -8.57179     -8.57179     -8.57179            0            0            0            0            0            0            0      8.57179      8.57179      8.57179      8.57179      8.57179      8.57179      8.57179      17.1436      17.1436      17.1436      17.1436      17.1436      17.1436      17.1436      25.7154      25.7154      25.7154      25.7154      25.7154      25.7154      25.7154 mm
s:Tf/Beam/Current/Function = "Step"
dv:Tf/Beam/Current/Times = Tf/Beam/Spot/Times ms
iv:Tf/Beam/Current/Values = 306 171    53    45   175    53    45    45    33   175    45    33   174   286   194   199   195   205   190   288   194    94   139   108   143    96   184   199   139   178   149   184   142   197   195   108   149   135   157   108   190   205   143   184   157   188   148   202   190    96   142   108   148   100   180   288   184   197   190   202   180   289   246   110   133   132   139   107   242   110    24    62    54    65    26    96   133    62   130   112   133    67   127   132    54   112   105   119    52   124   139    65   133   119   134    73   131   107    26    66    52    73    32    92   242    96   127   124   131    92   234   248   134   150   147   157   135   249   134   149   180   143   174   152   135   150   180   171   131   168   181   159   147   143   131   119   135   141   149   157   174   168   135   162   181   161   135   151   181   141   181   158   129   249   135   159   149   161   129   242   297   169   162   142   159   161   295   169   178   199   163   196   184   168   162   199   184   137   177   203   170   142   163   137    81   127   164   150   159   196   177   127   169   195   169   161   184   202   164   195   186   163   295   168   170   150   169   163   291   648   619   618   607   620   608   677   619   492   460   476   466   478   638   618   460   442   491   451   440   628   607   476   490   536   499   459   617   620   465   450   499   461   444   633   608   478   440   458   444   461   630   677   638   628   617   633   630   710  1036  1146  1156  1154  1157  1132  1105  1145  1144  1098  1100  1104  1127  1216  1156  1098  1019  1015  1022  1078  1222  1154  1100  1015  1003  1017  1080  1224  1156  1104  1021  1017  1024  1079  1225  1132  1127  1078  1080  1079  1105  1204  1105  1216  1222  1224  1225  1204  1181

d:Ge/Nozzle/TransZ = -1126.000000 mm
d:Ge/Nozzle/RotX = Tf/Beam/AngleX/Value rad
d:Ge/Nozzle/RotY = Tf/Beam/AngleY/Value rad
d:Ge/Nozzle/RotZ = 0.0 rad
s:So/PencilBeam/BeamParticle = Sim/ParticleName
i:So/PencilBeam/NumberOfHistoriesInRun = Tf/Beam/Current/Value
u:So/PencilBeam/BeamEnergySpread = Tf/Beam/EnergySpread/Value
d:So/PencilBeam/BeamEnergy = Tf/Beam/Energy/Value MeV
d:So/PencilBeam/SigmaX = Tf/Beam/SigmaX/Value mm
u:So/PencilBeam/SigmaXprime = Tf/Beam/SigmaXprime/Value
u:So/PencilBeam/CorrelationX = Tf/Beam/CorrelationX/Value
d:So/PencilBeam/SigmaY = Tf/Beam/SigmaY/Value mm
u:So/PencilBeam/SigmaYprime = Tf/Beam/SigmaYprime/Value
u:So/PencilBeam/CorrelationY = Tf/Beam/CorrelationY/Value

s:So/PencilBeam/Type = "Emittance" # Beam, Isotropic, Emittance or PhaseSpace
s:So/PencilBeam/Distribution = "BiGaussian" #
s:So/PencilBeam/Component = "BeamSpot"

d:Ge/Patient/TransX      = 0.500000 mm
d:Ge/Patient/TransY      = 0.500000 mm
d:Ge/Patient/TransZ      = 0.500000 mm
d:Ge/Patient/RotX=0. deg
d:Ge/Patient/RotY=0. deg
d:Ge/Patient/RotZ=0. deg
# MODULES
sv:Ph/Default/Modules = 7 "g4em-standard_opt4" "g4h-phy_QGSP_BIC_HP" "g4decay" "g4h-elastic_HP" "g4stopping" "g4ion-QMD" "g4radioactivedecay"
